v{1,1,-1,0.666667,0.333333,-0.666667,0,0,0,0,0,0,0.666467,0.666866}
v{1,-1,-1,0.408248,-0.816497,-0.408248,0,0,0,0,0,0,0.333533,0.666866}
v{-1,-1,-1,-0.666667,-0.333333,-0.666667,0,0,0,0,0,0,0.333533,0.9998}
v{1,1,-1,0.666667,0.333333,-0.666667,0,0,0,0,0,0,0.666467,0.666866}
v{-1,-1,-1,-0.666667,-0.333333,-0.666667,0,0,0,0,0,0,0.333533,0.9998}
v{-1,1,-1,-0.408248,0.816497,-0.408248,0,0,0,0,0,0,0.666467,0.9998}
v{1,0.999999,1,0.333333,0.666666,0.666667,0,0,0,0,0,0,0.333134,0.666867}
v{-1,1,1,-0.816496,0.408249,0.408248,0,0,0,0,0,0,0.0002,0.666866}
v{-1,-1,1,-0.333333,-0.666667,0.666667,0,0,0,0,0,0,0.0002,0.9998}
v{1,0.999999,1,0.333333,0.666666,0.666667,0,0,0,0,0,0,0.333134,0.666867}
v{-1,-1,1,-0.333333,-0.666667,0.666667,0,0,0,0,0,0,0.0002,0.9998}
v{0.999999,-1,1,0.816496,-0.408249,0.408248,0,0,0,0,0,0,0.333133,0.9998}
v{1,1,-1,0.666667,0.333333,-0.666667,0,0,0,0,0,0,0.333134,0.666467}
v{1,0.999999,1,0.333333,0.666666,0.666667,0,0,0,0,0,0,0.333133,0.333533}
v{0.999999,-1,1,0.816496,-0.408249,0.408248,0,0,0,0,0,0,0.0002,0.333533}
v{1,1,-1,0.666667,0.333333,-0.666667,0,0,0,0,0,0,0.333134,0.666467}
v{0.999999,-1,1,0.816496,-0.408249,0.408248,0,0,0,0,0,0,0.0002,0.333533}
v{1,-1,-1,0.408248,-0.816497,-0.408248,0,0,0,0,0,0,0.0002,0.666467}
v{1,-1,-1,0.408248,-0.816497,-0.408248,0,0,0,0,0,0,0.333134,0.333134}
v{0.999999,-1,1,0.816496,-0.408249,0.408248,0,0,0,0,0,0,0.333133,0.000199974}
v{-1,-1,1,-0.333333,-0.666667,0.666667,0,0,0,0,0,0,0.0002,0.000199974}
v{1,-1,-1,0.408248,-0.816497,-0.408248,0,0,0,0,0,0,0.333134,0.333134}
v{-1,-1,1,-0.333333,-0.666667,0.666667,0,0,0,0,0,0,0.0002,0.000199974}
v{-1,-1,-1,-0.666667,-0.333333,-0.666667,0,0,0,0,0,0,0.0002,0.333134}
v{-1,-1,-1,-0.666667,-0.333333,-0.666667,0,0,0,0,0,0,0.666867,0.666866}
v{-1,-1,1,-0.333333,-0.666667,0.666667,0,0,0,0,0,0,0.666867,0.9998}
v{-1,1,1,-0.816496,0.408249,0.408248,0,0,0,0,0,0,0.9998,0.9998}
v{-1,-1,-1,-0.666667,-0.333333,-0.666667,0,0,0,0,0,0,0.666867,0.666866}
v{-1,1,1,-0.816496,0.408249,0.408248,0,0,0,0,0,0,0.9998,0.9998}
v{-1,1,-1,-0.408248,0.816497,-0.408248,0,0,0,0,0,0,0.9998,0.666866}
v{1,0.999999,1,0.333333,0.666666,0.666667,0,0,0,0,0,0,0.666467,0.666467}
v{1,1,-1,0.666667,0.333333,-0.666667,0,0,0,0,0,0,0.666467,0.333533}
v{-1,1,-1,-0.408248,0.816497,-0.408248,0,0,0,0,0,0,0.333533,0.333533}
v{1,0.999999,1,0.333333,0.666666,0.666667,0,0,0,0,0,0,0.666467,0.666467}
v{-1,1,-1,-0.408248,0.816497,-0.408248,0,0,0,0,0,0,0.333533,0.333533}
v{-1,1,1,-0.816496,0.408249,0.408248,0,0,0,0,0,0,0.333533,0.666467}
i{0,1,2}
i{1,2,3}
i{2,3,4}
i{3,4,5}
i{4,5,6}
i{5,6,7}
i{6,7,8}
i{7,8,9}
i{8,9,10}
i{9,10,11}
i{10,11,12}
i{11,12,13}
i{12,13,14}
i{13,14,15}
i{14,15,16}
i{15,16,17}
i{16,17,18}
i{17,18,19}
i{18,19,20}
i{19,20,21}
i{20,21,22}
i{21,22,23}
i{22,23,24}
i{23,24,25}
i{24,25,26}
i{25,26,27}
i{26,27,28}
i{27,28,29}
i{28,29,30}
i{29,30,31}
i{30,31,32}
i{31,32,33}
i{32,33,34}
i{33,34,35}
t{4,Brick1.jpg,texture_diffuse}
